-1117,15094
-1116,144
-1115,123
-1114,138
-1113,117
-1112,128
-1111,131
-1110,129
-1109,162
-1108,136
-1107,159
-1106,164
-1105,136
-1104,159
-1103,149
-1102,169
-1101,173
-1100,156
-1099,162
-1098,166
-1097,166
-1096,181
-1095,197
-1094,192
-1093,171
-1092,175
-1091,218
-1090,203
-1089,200
-1088,227
-1087,249
-1086,243
-1085,229
-1084,229
-1083,249
-1082,221
-1081,243
-1080,258
-1079,283
-1078,289
-1077,325
-1076,290
-1075,318
-1074,330
-1073,313
-1072,351
-1071,357
-1070,417
-1069,409
-1068,381
-1067,385
-1066,454
-1065,449
-1064,470
-1063,509
-1062,508
-1061,482
-1060,531
-1059,532
-1058,534
-1057,594
-1056,557
-1055,604
-1054,657
-1053,684
-1052,701
-1051,713
-1050,737
-1049,791
-1048,828
-1047,797
-1046,911
-1045,937
-1044,1024
-1043,1008
-1042,1126
-1041,1178
-1040,1258
-1039,1245
-1038,1388
-1037,1505
-1036,1620
-1035,1694
-1034,1757
-1033,1958
-1032,2070
-1031,2167
-1030,2487
-1029,2714
-1028,3061
-1027,3080
-1026,3415
-1025,3740
-1024,4259
-1023,4950
-1022,5740
-1021,6576
-1020,7280
-1019,8168
-1018,9407
-1017,10732
-1016,12766
-1015,14904
-1014,17696
-1013,21341
-1012,25360
-1011,29948
-1010,35299
-1009,41051
-1008,49256
-1007,58344
-1006,64056
-1005,67455
-1004,71397
-1003,73588
-1002,75654
-1001,76138
-1000,76145
-999,1659411
-998,72065
-997,68419
-996,64984
-995,61077
-994,57089
-993,53163
-992,49321
-991,47671
-990,46553
-989,42642
-988,40060
-987,37297
-986,35412
-985,34256
-984,33304
-983,33113
-982,32349
-981,31838
-980,31166
-979,30257
-978,29581
-977,28525
-976,28648
-975,28994
-974,27488
-973,26242
-972,25055
-971,24467
-970,23624
-969,23550
-968,23452
-967,22978
-966,22724
-965,21993
-964,20803
-963,20178
-962,19130
-961,18401
-960,18078
-959,16411
-958,15648
-957,14286
-956,13271
-955,12274
-954,11722
-953,11238
-952,11039
-951,10731
-950,10250
-949,9821
-948,9670
-947,9036
-946,8688
-945,8615
-944,8670
-943,8362
-942,8605
-941,8195
-940,7958
-939,7781
-938,7866
-937,7848
-936,8012
-935,8040
-934,8196
-933,8222
-932,8102
-931,7874
-930,8007
-929,8215
-928,8190
-927,8460
-926,8484
-925,8127
-924,8219
-923,7767
-922,7936
-921,8058
-920,8190
-919,8119
-918,8140
-917,8197
-916,7860
-915,7742
-914,7626
-913,7728
-912,7836
-911,7929
-910,7804
-909,7676
-908,7546
-907,7244
-906,7253
-905,7191
-904,7420
-903,7522
-902,7336
-901,7174
-900,7112
-899,6951
-898,6774
-897,6921
-896,7060
-895,6933
-894,7029
-893,6888
-892,6621
-891,6736
-890,6659
-889,6683
-888,7037
-887,6891
-886,6782
-885,6727
-884,6604
-883,6612
-882,6543
-881,6839
-880,6916
-879,6945
-878,6698
-877,6656
-876,6590
-875,6605
-874,6763
-873,6816
-872,6887
-871,6975
-870,6721
-869,6604
-868,6697
-867,6727
-866,6719
-865,6819
-864,7001
-863,7026
-862,6795
-861,6800
-860,6670
-859,6579
-858,6626
-857,6743
-856,6783
-855,6660
-854,6742
-853,6479
-852,6179
-851,6187
-850,6220
-849,6084
-848,6182
-847,6232
-846,5798
-845,5692
-844,5443
-843,5433
-842,5363
-841,5445
-840,5500
-839,5403
-838,5170
-837,4887
-836,4871
-835,4787
-834,4834
-833,4745
-832,4796
-831,4524
-830,4489
-829,4431
-828,4359
-827,4150
-826,4142
-825,4195
-824,4291
-823,4285
-822,4015
-821,3869
-820,3845
-819,3661
-818,3757
-817,3845
-816,3864
-815,3607
-814,3608
-813,3548
-812,3491
-811,3441
-810,3337
-809,3481
-808,3582
-807,3433
-806,3407
-805,3196
-804,3281
-803,3242
-802,3209
-801,3182
-800,3310
-799,3226
-798,3041
-797,2990
-796,2962
-795,2991
-794,3018
-793,3049
-792,3039
-791,2973
-790,2829
-789,2842
-788,2796
-787,2771
-786,2890
-785,2903
-784,2824
-783,2754
-782,2781
-781,2572
-780,2596
-779,2571
-778,2725
-777,2695
-776,2667
-775,2561
-774,2575
-773,2544
-772,2477
-771,2551
-770,2471
-769,2547
-768,2496
-767,2358
-766,2329
-765,2347
-764,2363
-763,2244
-762,2394
-761,2419
-760,2308
-759,2298
-758,2205
-757,2257
-756,2223
-755,2147
-754,2180
-753,2277
-752,2230
-751,2111
-750,2043
-749,2097
-748,2057
-747,2090
-746,2060
-745,2096
-744,2033
-743,2020
-742,1910
-741,1891
-740,1900
-739,1882
-738,1959
-737,1923
-736,1819
-735,1841
-734,1809
-733,1758
-732,1777
-731,1717
-730,1719
-729,1638
-728,1744
-727,1658
-726,1613
-725,1546
-724,1561
-723,1612
-722,1638
-721,1526
-720,1596
-719,1576
-718,1562
-717,1458
-716,1474
-715,1500
-714,1574
-713,1531
-712,1465
-711,1459
-710,1407
-709,1469
-708,1405
-707,1388
-706,1458
-705,1436
-704,1412
-703,1337
-702,1376
-701,1294
-700,1312
-699,1342
-698,1354
-697,1319
-696,1319
-695,1320
-694,1213
-693,1246
-692,1238
-691,1289
-690,1251
-689,1305
-688,1204
-687,1294
-686,1254
-685,1176
-684,1198
-683,1252
-682,1259
-681,1212
-680,1212
-679,1149
-678,1090
-677,1127
-676,1180
-675,1248
-674,1090
-673,1134
-672,1138
-671,1114
-670,1090
-669,1015
-668,1080
-667,1080
-666,1075
-665,1055
-664,984
-663,954
-662,1027
-661,946
-660,993
-659,1047
-658,1036
-657,961
-656,932
-655,987
-654,915
-653,963
-652,997
-651,980
-650,962
-649,940
-648,908
-647,870
-646,881
-645,947
-644,904
-643,992
-642,875
-641,891
-640,878
-639,847
-638,846
-637,828
-636,835
-635,897
-634,822
-633,849
-632,841
-631,789
-630,784
-629,862
-628,829
-627,832
-626,811
-625,755
-624,772
-623,760
-622,790
-621,772
-620,800
-619,810
-618,781
-617,750
-616,776
-615,760
-614,721
-613,784
-612,780
-611,785
-610,772
-609,721
-608,711
-607,733
-606,752
-605,746
-604,710
-603,684
-602,729
-601,666
-600,705
-599,635
-598,685
-597,769
-596,674
-595,699
-594,693
-593,671
-592,669
-591,603
-590,631
-589,672
-588,660
-587,662
-586,676
-585,664
-584,608
-583,639
-582,644
-581,686
-580,636
-579,690
-578,655
-577,639
-576,658
-575,611
-574,653
-573,609
-572,654
-571,614
-570,643
-569,599
-568,621
-567,571
-566,593
-565,658
-564,580
-563,633
-562,561
-561,628
-560,586
-559,585
-558,601
-557,619
-556,574
-555,587
-554,562
-553,557
-552,540
-551,553
-550,564
-549,603
-548,593
-547,619
-546,577
-545,591
-544,559
-543,538
-542,592
-541,518
-540,631
-539,550
-538,572
-537,528
-536,558
-535,527
-534,523
-533,575
-532,548
-531,547
-530,527
-529,518
-528,518
-527,537
-526,534
-525,503
-524,518
-523,513
-522,511
-521,557
-520,481
-519,470
-518,529
-517,521
-516,514
-515,541
-514,523
-513,485
-512,499
-511,494
-510,516
-509,545
-508,548
-507,475
-506,522
-505,507
-504,473
-503,452
-502,479
-501,513
-500,514
-499,481
-498,507
-497,468
-496,439
-495,466
-494,458
-493,489
-492,494
-491,529
-490,479
-489,459
-488,483
-487,491
-486,457
-485,498
-484,483
-483,511
-482,487
-481,478
-480,481
-479,452
-478,492
-477,496
-476,532
-475,454
-474,525
-473,484
-472,435
-471,465
-470,495
-469,465
-468,496
-467,496
-466,456
-465,458
-464,437
-463,435
-462,475
-461,465
-460,490
-459,459
-458,429
-457,487
-456,464
-455,454
-454,498
-453,463
-452,498
-451,488
-450,458
-449,480
-448,469
-447,463
-446,471
-445,478
-444,481
-443,450
-442,494
-441,452
-440,455
-439,517
-438,489
-437,468
-436,505
-435,458
-434,482
-433,437
-432,441
-431,521
-430,510
-429,489
-428,466
-427,463
-426,463
-425,451
-424,483
-423,496
-422,487
-421,446
-420,498
-419,448
-418,445
-417,454
-416,468
-415,477
-414,448
-413,470
-412,479
-411,481
-410,431
-409,458
-408,440
-407,466
-406,502
-405,465
-404,430
-403,430
-402,442
-401,447
-400,424
-399,478
-398,473
-397,452
-396,450
-395,407
-394,430
-393,441
-392,421
-391,455
-390,489
-389,432
-388,461
-387,429
-386,470
-385,433
-384,462
-383,411
-382,444
-381,444
-380,475
-379,388
-378,415
-377,396
-376,466
-375,424
-374,423
-373,429
-372,423
-371,427
-370,395
-369,449
-368,404
-367,457
-366,401
-365,433
-364,426
-363,376
-362,425
-361,414
-360,429
-359,445
-358,405
-357,438
-356,441
-355,388
-354,383
-353,389
-352,399
-351,362
-350,366
-349,383
-348,375
-347,412
-346,415
-345,390
-344,367
-343,381
-342,379
-341,331
-340,404
-339,366
-338,356
-337,361
-336,418
-335,373
-334,386
-333,390
-332,374
-331,376
-330,399
-329,368
-328,390
-327,397
-326,362
-325,364
-324,363
-323,347
-322,375
-321,380
-320,365
-319,384
-318,379
-317,391
-316,375
-315,345
-314,364
-313,345
-312,353
-311,354
-310,375
-309,367
-308,362
-307,383
-306,357
-305,368
-304,348
-303,358
-302,338
-301,339
-300,358
-299,361
-298,360
-297,342
-296,372
-295,346
-294,373
-293,370
-292,345
-291,357
-290,339
-289,343
-288,340
-287,365
-286,374
-285,361
-284,309
-283,367
-282,374
-281,368
-280,316
-279,344
-278,318
-277,325
-276,330
-275,343
-274,343
-273,342
-272,360
-271,311
-270,339
-269,343
-268,310
-267,314
-266,320
-265,341
-264,355
-263,327
-262,340
-261,300
-260,276
-259,337
-258,293
-257,332
-256,319
-255,318
-254,310
-253,299
-252,295
-251,360
-250,298
-249,325
-248,325
-247,312
-246,304
-245,321
-244,288
-243,302
-242,301
-241,327
-240,313
-239,302
-238,271
-237,293
-236,264
-235,305
-234,297
-233,324
-232,294
-231,328
-230,269
-229,287
-228,328
-227,295
-226,304
-225,312
-224,333
-223,304
-222,295
-221,316
-220,291
-219,297
-218,298
-217,290
-216,312
-215,295
-214,289
-213,297
-212,338
-211,288
-210,324
-209,282
-208,326
-207,341
-206,309
-205,296
-204,302
-203,311
-202,323
-201,297
-200,326
-199,319
-198,314
-197,287
-196,307
-195,310
-194,321
-193,320
-192,347
-191,290
-190,307
-189,326
-188,303
-187,302
-186,336
-185,308
-184,258
-183,323
-182,302
-181,298
-180,334
-179,294
-178,329
-177,311
-176,293
-175,332
-174,296
-173,296
-172,310
-171,313
-170,328
-169,318
-168,323
-167,316
-166,279
-165,321
-164,299
-163,325
-162,304
-161,326
-160,337
-159,324
-158,334
-157,311
-156,367
-155,309
-154,331
-153,316
-152,303
-151,330
-150,297
-149,337
-148,307
-147,375
-146,341
-145,321
-144,364
-143,342
-142,322
-141,360
-140,330
-139,307
-138,374
-137,376
-136,337
-135,366
-134,372
-133,380
-132,341
-131,365
-130,400
-129,389
-128,396
-127,371
-126,407
-125,352
-124,379
-123,419
-122,419
-121,418
-120,478
-119,440
-118,433
-117,447
-116,499
-115,498
-114,521
-113,504
-112,512
-111,517
-110,517
-109,558
-108,565
-107,588
-106,647
-105,685
-104,659
-103,653
-102,649
-101,687
-100,720
-99,725
-98,748
-97,792
-96,812
-95,797
-94,798
-93,890
-92,903
-91,1023
-90,936
-89,936
-88,995
-87,967
-86,1000
-85,1009
-84,1078
-83,1120
-82,1098
-81,1186
-80,1173
-79,1230
-78,1262
-77,1327
-76,1310
-75,1331
-74,1389
-73,1361
-72,1355
-71,1312
-70,1376
-69,1498
-68,1454
-67,1522
-66,1540
-65,1549
-64,1690
-63,1601
-62,1591
-61,1648
-60,1754
-59,1758
-58,1774
-57,1826
-56,1812
-55,1765
-54,1793
-53,1811
-52,1816
-51,1929
-50,1994
-49,1975
-48,1895
-47,1815
-46,1916
-45,1952
-44,2105
-43,2141
-42,2003
-41,2161
-40,2084
-39,2022
-38,2038
-37,2063
-36,2160
-35,2205
-34,2241
-33,2268
-32,2249
-31,2254
-30,2194
-29,2313
-28,2265
-27,2367
-26,2318
-25,2438
-24,2356
-23,2343
-22,2384
-21,2385
-20,2450
-19,2536
-18,2538
-17,2458
-16,2661
-15,2480
-14,2581
-13,2633
-12,2678
-11,2653
-10,2665
-9,2644
-8,2796
-7,2802
-6,2794
-5,2811
-4,2936
-3,2924
-2,2966
-1,3014
0,2941
1,3057
2,3124
3,3179
4,3252
5,3258
6,3335
7,3328
8,3452
9,3541
10,3637
11,3613
12,3767
13,3848
14,4011
15,4087
16,4179
17,4351
18,4529
19,4769
20,4979
21,5208
22,5256
23,5410
24,5680
25,5919
26,6565
27,6968
28,7320
29,7689
30,8209
31,8796
32,9547
33,10386
34,11432
35,12344
36,12888
37,13872
38,14716
39,15699
40,16855
41,17994
42,19557
43,21268
44,22610
45,23877
46,25209
47,26446
48,27100
49,27586
50,29137
51,30544
52,30226
53,29827
54,28735
55,28354
56,27597
57,27045
58,27022
59,26184
60,25341
61,23877
62,22409
63,21151
64,19811
65,19183
66,18402
67,16913
68,15302
69,13902
70,12654
71,11653
72,10947
73,10269
74,9582
75,8748
76,8266
77,7590
78,6802
79,6380
80,5911
81,5735
82,5189
83,4845
84,4549
85,4063
86,3847
87,3597
88,3495
89,3322
90,3154
91,3044
92,2909
93,2736
94,2613
95,2455
96,2471
97,2273
98,2311
99,2244
100,2040
101,1898
102,1871
103,1797
104,1784
105,1729
106,1695
107,1691
108,1595
109,1506
110,1511
111,1420
112,1452
113,1374
114,1357
115,1237
116,1254
117,1224
118,1183
119,1119
120,1102
121,1137
122,1124
123,1105
124,1086
125,997
126,955
127,998
128,953
129,985
130,909
131,962
132,864
133,856
134,832
135,808
136,843
137,844
138,878
139,775
140,735
141,761
142,749
143,756
144,719
145,697
146,766
147,704
148,718
149,679
150,650
151,675
152,696
153,703
154,659
155,638
156,643
157,619
158,669
159,620
160,647
161,631
162,598
163,598
164,577
165,608
166,586
167,545
168,577
169,617
170,613
171,628
172,541
173,555
174,581
175,532
176,562
177,588
178,543
179,559
180,536
181,582
182,516
183,551
184,536
185,550
186,577
187,555
188,532
189,518
190,512
191,527
192,530
193,557
194,478
195,542
196,478
197,512
198,537
199,547
200,532
201,489
202,533
203,516
204,485
205,502
206,490
207,493
208,508
209,471
210,468
211,486
212,482
213,477
214,511
215,503
216,521
217,525
218,500
219,497
220,469
221,464
222,437
223,444
224,490
225,469
226,469
227,452
228,470
229,459
230,472
231,446
232,491
233,459
234,443
235,496
236,429
237,463
238,458
239,490
240,484
241,486
242,448
243,456
244,481
245,430
246,433
247,446
248,453
249,457
250,429
251,441
252,448
253,421
254,434
255,417
256,415
257,432
258,441
259,447
260,418
261,451
262,393
263,430
264,464
265,429
266,418
267,409
268,373
269,439
270,449
271,440
272,417
273,453
274,399
275,379
276,444
277,387
278,452
279,442
280,421
281,422
282,396
283,419
284,404
285,387
286,378
287,402
288,440
289,371
290,386
291,374
292,401
293,421
294,403
295,400
296,401
297,391
298,401
299,424
300,377
301,408
302,424
303,380
304,438
305,391
306,410
307,369
308,404
309,405
310,380
311,402
312,403
313,376
314,407
315,410
316,378
317,413
318,374
319,418
320,425
321,394
322,380
323,346
324,353
325,372
326,377
327,384
328,376
329,394
330,395
331,335
332,401
333,361
334,396
335,367
336,373
337,378
338,376
339,396
340,360
341,372
342,371
343,385
344,378
345,362
346,363
347,342
348,345
349,366
350,380
351,381
352,352
353,340
354,332
355,360
356,353
357,355
358,357
359,398
360,406
361,359
362,326
363,344
364,339
365,330
366,373
367,355
368,367
369,336
370,353
371,308
372,342
373,363
374,361
375,375
376,344
377,351
378,323
379,331
380,311
381,350
382,373
383,352
384,326
385,363
386,317
387,320
388,360
389,378
390,348
391,370
392,346
393,300
394,323
395,301
396,344
397,341
398,341
399,355
400,362
401,323
402,318
403,278
404,343
405,334
406,334
407,311
408,341
409,324
410,348
411,320
412,309
413,327
414,339
415,330
416,335
417,320
418,327
419,304
420,320
421,323
422,328
423,299
424,284
425,290
426,335
427,313
428,285
429,307
430,318
431,336
432,278
433,303
434,294
435,309
436,340
437,307
438,295
439,308
440,307
441,312
442,313
443,290
444,299
445,319
446,309
447,284
448,328
449,304
450,303
451,303
452,355
453,325
454,301
455,337
456,277
457,322
458,301
459,299
460,317
461,320
462,324
463,335
464,314
465,339
466,313
467,271
468,329
469,288
470,336
471,288
472,300
473,285
474,314
475,272
476,315
477,329
478,311
479,301
480,277
481,295
482,280
483,266
484,278
485,321
486,280
487,299
488,309
489,244
490,303
491,278
492,281
493,299
494,298
495,292
496,281
497,303
498,256
499,260
500,269
501,310
502,278
503,304
504,287
505,269
506,281
507,275
508,277
509,280
510,266
511,284
512,247
513,263
514,280
515,290
516,309
517,297
518,254
519,290
520,275
521,271
522,256
523,299
524,258
525,286
526,261
527,302
528,281
529,251
530,293
531,302
532,291
533,276
534,252
535,265
536,258
537,311
538,298
539,292
540,308
541,278
542,276
543,303
544,327
545,274
546,255
547,274
548,293
549,291
550,304
551,261
552,249
553,279
554,282
555,305
556,294
557,263
558,286
559,291
560,273
561,283
562,232
563,285
564,283
565,253
566,274
567,263
568,279
569,230
570,268
571,273
572,257
573,266
574,284
575,249
576,258
577,266
578,236
579,261
580,252
581,273
582,262
583,281
584,276
585,242
586,274
587,295
588,301
589,251
590,256
591,242
592,258
593,245
594,250
595,237
596,284
597,288
598,268
599,252
600,242
601,254
602,239
603,265
604,270
605,258
606,274
607,256
608,273
609,250
610,245
611,252
612,257
613,241
614,242
615,241
616,266
617,232
618,221
619,260
620,232
621,252
622,257
623,279
624,258
625,264
626,253
627,272
628,258
629,246
630,220
631,264
632,240
633,257
634,263
635,260
636,256
637,261
638,256
639,237
640,249
641,240
642,236
643,236
644,246
645,231
646,226
647,242
648,224
649,259
650,254
651,266
652,250
653,234
654,260
655,204
656,235
657,241
658,246
659,243
660,249
661,262
662,248
663,248
664,251
665,238
666,224
667,225
668,260
669,228
670,212
671,230
672,246
673,266
674,238
675,262
676,241
677,271
678,237
679,245
680,240
681,240
682,249
683,243
684,228
685,214
686,243
687,239
688,231
689,241
690,257
691,268
692,243
693,213
694,228
695,223
696,249
697,214
698,250
699,238
700,243
701,265
702,214
703,253
704,265
705,242
706,238
707,263
708,239
709,251
710,246
711,264
712,264
713,254
714,229
715,246
716,260
717,259
718,235
719,211
720,268
721,266
722,240
723,239
724,239
725,261
726,251
727,230
728,242
729,262
730,232
731,259
732,237
733,255
734,238
735,265
736,225
737,242
738,221
739,225
740,243
741,252
742,231
743,234
744,232
745,250
746,260
747,234
748,258
749,231
750,236
751,259
752,287
753,267
754,254
755,265
756,235
757,255
758,226
759,221
760,232
761,238
762,241
763,275
764,282
765,226
766,232
767,294
768,280
769,245
770,252
771,245
772,251
773,251
774,235
775,257
776,271
777,246
778,255
779,265
780,253
781,240
782,240
783,261
784,234
785,227
786,273
787,245
788,257
789,218
790,242
791,239
792,265
793,281
794,265
795,290
796,250
797,256
798,243
799,263
800,271
801,255
802,291
803,243
804,250
805,262
806,287
807,274
808,299
809,284
810,263
811,250
812,268
813,258
814,268
815,256
816,269
817,248
818,267
819,275
820,238
821,262
822,279
823,301
824,271
825,272
826,292
827,299
828,281
829,291
830,295
831,285
832,295
833,289
834,274
835,291
836,239
837,267
838,302
839,282
840,280
841,267
842,308
843,294
844,282
845,255
846,292
847,286
848,337
849,266
850,298
851,251
852,256
853,302
854,323
855,329
856,296
857,298
858,311
859,279
860,300
861,275
862,293
863,322
864,293
865,304
866,271
867,292
868,285
869,285
870,291
871,302
872,315
873,297
874,295
875,292
876,270
877,301
878,361
879,317
880,301
881,320
882,328
883,315
884,351
885,338
886,351
887,340
888,353
889,303
890,323
891,285
892,319
893,332
894,316
895,315
896,316
897,334
898,294
899,291
900,328
901,320
902,328
903,340
904,330
905,328
906,328
907,321
908,345
909,318
910,346
911,365
912,336
913,365
914,326
915,336
916,306
917,330
918,352
919,335
920,327
921,358
922,341
923,383
924,348
925,340
926,373
927,362
928,352
929,356
930,341
931,369
932,345
933,398
934,349
935,352
936,371
937,385
938,354
939,355
940,368
941,354
942,374
943,354
944,365
945,335
946,358
947,369
948,361
949,393
950,435
951,392
952,374
953,397
954,364
955,351
956,383
957,355
958,405
959,408
960,388
961,334
962,389
963,354
964,415
965,413
966,384
967,409
968,402
969,375
970,373
971,392
972,396
973,421
974,407
975,359
976,405
977,415
978,408
979,438
980,383
981,382
982,423
983,409
984,412
985,433
986,385
987,384
988,413
989,419
990,428
991,404
992,428
993,450
994,392
995,424
996,409
997,425
998,420
999,451
1000,472
1001,423
1002,406
1003,416
1004,399
1005,438
1006,445
1007,447
1008,449
1009,429
1010,438
1011,424
1012,487
1013,441
1014,466
1015,430
1016,440
1017,447
1018,427
1019,485
1020,406
1021,481
1022,459
1023,473
1024,467
1025,434
1026,447
1027,461
1028,475
1029,453
1030,454
1031,488
1032,484
1033,472
1034,451
1035,492
1036,501
1037,521
1038,479
1039,492
1040,442
1041,485
1042,479
1043,441
1044,458
1045,470
1046,501
1047,459
1048,464
1049,466
1050,461
1051,455
1052,449
1053,474
1054,500
1055,509
1056,487
1057,443
1058,458
1059,475
1060,505
1061,474
1062,499
1063,472
1064,469
1065,487
1066,527
1067,482
1068,481
1069,505
1070,493
1071,443
1072,437
1073,466
1074,482
1075,439
1076,502
1077,465
1078,471
1079,499
1080,475
1081,492
1082,428
1083,472
1084,502
1085,497
1086,477
1087,454
1088,470
1089,467
1090,470
1091,482
1092,470
1093,463
1094,521
1095,480
1096,470
1097,437
1098,447
1099,512
1100,494
1101,476
1102,512
1103,479
1104,410
1105,457
1106,468
1107,484
1108,458
1109,479
1110,458
1111,435
1112,454
1113,479
1114,469
1115,456
1116,507
1117,478
1118,449
1119,442
1120,435
1121,431
1122,476
1123,484
1124,492
1125,463
1126,485
1127,476
1128,460
1129,432
1130,490
1131,442
1132,454
1133,439
1134,429
1135,473
1136,449
1137,398
1138,431
1139,427
1140,488
1141,468
1142,420
1143,429
1144,438
1145,414
1146,427
1147,422
1148,448
1149,444
1150,446
1151,436
1152,416
1153,430
1154,400
1155,449
1156,425
1157,437
1158,399
1159,406
1160,430
1161,421
1162,461
1163,432
1164,448
1165,366
1166,428
1167,378
1168,370
1169,411
1170,417
1171,408
1172,402
1173,430
1174,383
1175,438
1176,385
1177,386
1178,378
1179,417
1180,419
1181,397
1182,391
1183,365
1184,373
1185,370
1186,356
1187,381
1188,399
1189,356
1190,387
1191,399
1192,373
1193,375
1194,403
1195,423
1196,345
1197,358
1198,360
1199,366
1200,351
1201,347
1202,394
1203,346
1204,362
1205,346
1206,396
1207,327
1208,354
1209,371
1210,343
1211,350
1212,365
1213,357
1214,367
1215,339
1216,342
1217,343
1218,338
1219,321
1220,327
1221,321
1222,306
1223,345
1224,352
1225,303
1226,336
1227,346
1228,323
1229,325
1230,301
1231,278
1232,287
1233,317
1234,288
1235,331
1236,328
1237,320
1238,303
1239,321
1240,287
1241,265
1242,319
1243,307
1244,319
1245,286
1246,301
1247,297
1248,258
1249,304
1250,321
1251,264
1252,290
1253,272
1254,288
1255,271
1256,286
1257,275
1258,313
1259,286
1260,296
1261,305
1262,302
1263,260
1264,268
1265,258
1266,289
1267,278
1268,286
1269,247
1270,254
1271,271
1272,279
1273,300
1274,280
1275,281
1276,266
1277,231
1278,256
1279,271
1280,228
1281,249
1282,262
1283,244
1284,275
1285,254
1286,258
1287,247
1288,230
1289,272
1290,234
1291,237
1292,274
1293,213
1294,275
1295,246
1296,246
1297,254
1298,246
1299,254
1300,248
1301,222
1302,226
1303,213
1304,221
1305,228
1306,247
1307,248
1308,225
1309,260
1310,215
1311,216
1312,218
1313,266
1314,222
1315,261
1316,215
1317,261
1318,224
1319,239
1320,230
1321,249
1322,232
1323,199
1324,206
1325,230
1326,227
1327,225
1328,223
1329,221
1330,216
1331,232
1332,222
1333,202
1334,236
1335,222
1336,202
1337,233
1338,210
1339,199
1340,203
1341,198
1342,224
1343,209
1344,218
1345,232
1346,226
1347,221
1348,215
1349,217
1350,203
1351,209
1352,199
1353,221
1354,218
1355,213
1356,227
1357,208
1358,205
1359,205
1360,193
1361,214
1362,216
1363,212
1364,205
1365,190
1366,179
1367,196
1368,203
1369,190
1370,229
1371,194
1372,206
1373,200
1374,200
1375,224
1376,222
1377,223
1378,204
1379,193
1380,216
1381,212
1382,218
1383,202
1384,176
1385,247
1386,215
1387,199
1388,199
1389,196
1390,208
1391,193
1392,223
1393,215
1394,209
1395,201
1396,188
1397,205
1398,212
1399,188
1400,193
1401,195
1402,191
1403,184
1404,179
1405,219
1406,188
1407,190
1408,207
1409,202
1410,202
1411,209
1412,185
1413,203
1414,174
1415,201
1416,215
1417,214
1418,201
1419,216
1420,213
1421,178
1422,206
1423,202
1424,207
1425,205
1426,199
1427,200
1428,176
1429,190
1430,177
1431,180
1432,191
1433,220
1434,186
1435,179
1436,155
1437,192
1438,208
1439,215
1440,186
1441,184
1442,173
1443,184
1444,188
1445,183
1446,196
1447,206
1448,174
1449,185
1450,172
1451,189
1452,189
1453,169
1454,192
1455,173
1456,168
1457,182
1458,186
1459,178
1460,150
1461,170
1462,168
1463,174
1464,171
1465,173
1466,196
1467,151
1468,183
1469,174
1470,177
1471,181
1472,161
1473,196
1474,147
1475,159
1476,156
1477,161
1478,184
1479,179
1480,162
1481,160
1482,159
1483,168
1484,158
1485,173
1486,172
1487,151
1488,163
1489,183
1490,167
1491,136
1492,144
1493,158
1494,154
1495,157
1496,163
1497,154
1498,148
1499,154
1500,145
1501,145
1502,175
1503,167
1504,148
1505,142
1506,153
1507,134
1508,153
1509,134
1510,146
1511,169
1512,177
1513,159
1514,152
1515,146
1516,143
1517,129
1518,158
1519,170
1520,163
1521,145
1522,137
1523,136
1524,139
1525,157
1526,135
1527,137
1528,138
1529,150
1530,156
1531,158
1532,134
1533,160
1534,142
1535,163
1536,134
1537,126
1538,131
1539,151
1540,159
1541,116
1542,143
1543,129
1544,146
1545,139
1546,123
1547,129
1548,137
1549,124
1550,151
1551,107
1552,137
1553,143
1554,115
1555,131
1556,119
1557,121
1558,113
1559,139
1560,104
1561,99
1562,113
1563,100
1564,110
1565,114
1566,138
1567,127
1568,101
1569,107
1570,107
1571,111
1572,137
1573,118
1574,119
1575,143
1576,118
1577,113
1578,97
1579,107
1580,99
1581,128
1582,101
1583,108
1584,115
1585,111
1586,102
1587,114
1588,97
1589,108
1590,104
1591,120
1592,103
1593,111
1594,93
1595,111
1596,97
1597,111
1598,99
1599,88
1600,101
1601,111
1602,107
1603,102
1604,108
1605,106
1606,90
1607,90
1608,86
1609,81
1610,97
1611,69
1612,96
1613,95
1614,77
1615,110
1616,111
1617,100
1618,82
1619,90
1620,73
1621,82
1622,85
1623,74
1624,85
1625,65
1626,69
1627,95
1628,70
1629,73
1630,76
1631,74
1632,81
1633,77
1634,84
1635,77
1636,80
1637,73
1638,80
1639,65
1640,64
1641,66
1642,61
1643,73
1644,63
1645,68
1646,82
1647,60
1648,61
1649,72
1650,52
1651,68
1652,85
1653,80
1654,65
1655,69
1656,58
1657,59
1658,55
1659,52
1660,58
1661,69
1662,56
1663,54
1664,67
1665,51
1666,40
1667,53
1668,46
1669,59
1670,44
1671,50
1672,52
1673,60
1674,48
1675,60
1676,54
1677,53
1678,53
1679,50
1680,36
1681,37
1682,42
1683,55
1684,48
1685,49
1686,43
1687,62
1688,45
1689,39
1690,51
1691,43
1692,38
1693,36
1694,20
1695,39
1696,32
1697,40
1698,27
1699,43
1700,27
1701,47
1702,33
1703,38
1704,40
1705,35
1706,35
1707,46
1708,27
1709,40
1710,26
1711,29
1712,35
1713,33
1714,30
1715,23
1716,36
1717,31
1718,27
1719,30
1720,23
1721,42
1722,33
1723,29
1724,22
1725,32
1726,28
1727,21
1728,27
1729,26
1730,27
1731,25
1732,32
1733,26
1734,21
1735,15
1736,23
1737,24
1738,18
1739,24
1740,24
1741,29
1742,33
1743,25
1744,24
1745,24
1746,16
1747,29
1748,22
1749,18
1750,26
1751,20
1752,12
1753,16
1754,18
1755,24
1756,19
1757,15
1758,20
1759,17
1760,21
1761,17
1762,17
1763,26
1764,19
1765,14
1766,26
1767,12
1768,22
1769,21
1770,15
1771,17
1772,16
1773,14
1774,17
1775,18
1776,17
1777,16
1778,16
1779,16
1780,18
1781,18
1782,17
1783,15
1784,15
1785,11
1786,14
1787,20
1788,19
1789,16
1790,22
1791,17
1792,13
1793,16
1794,9
1795,19
1796,11
1797,14
1798,15
1799,9
1800,9
1801,16
1802,11
1803,18
1804,16
1805,11
1806,7
1807,10
1808,12
1809,13
1810,9
1811,10
1812,14
1813,8
1814,8
1815,13
1816,9
1817,8
1818,13
1819,13
1820,14
1821,11
1822,7
1823,10
1824,12
1825,9
1826,20
1827,7
1828,12
1829,13
1830,15
1831,11
1832,14
1833,7
1834,14
1835,8
1836,17
1837,11
1838,11
1839,6
1840,11
1841,11
1842,12
1843,13
1844,12
1845,5
1846,13
1847,14
1848,12
1849,14
1850,14
1851,7
1852,11
1853,10
1854,6
1855,6
1856,9
1857,14
1858,9
1859,7
1860,10
1861,9
1862,11
1863,10
1864,9
1865,12
1866,10
1867,14
1868,10
1869,8
1870,12
1871,4
1872,10
1873,9
1874,15
1875,7
1876,12
1877,12
1878,11
1879,8
1880,7
1881,8
1882,9
1883,15
1884,10
1885,14
1886,6
1887,10
1888,6
1889,11
1890,12
1891,7
1892,13
1893,11
1894,9
1895,9
1896,8
1897,11
1898,9
1899,5
1900,12
1901,2
1902,16
1903,13
1904,3
1905,4
1906,8
1907,12
1908,9
1909,8
1910,12
1911,7
1912,5
1913,6
1914,3
1915,8
1916,8
1917,8
1918,7
1919,11
1920,9
1921,4
1922,5
1923,7
1924,8
1925,7
1926,8
1927,10
1928,7
1929,10
1930,3
1931,14
1932,8
1933,6
1934,6
1935,9
1936,6
1937,5
1938,11
1939,9
1940,9
1941,1
1942,8
1943,4
1944,12
1945,4
1946,2
1947,3
1948,5
1949,4
1950,7
1951,7
1952,7
1953,6
1954,5
1955,9
1956,7
1957,5
1958,9
1959,8
1960,8
1961,10
1962,9
1963,5
1964,10
1965,2
1966,5
1967,3
1968,6
1969,5
1970,2
1971,3
1972,12
1973,5
1974,7
1975,6
1976,9
1977,8
1978,6
1979,3
1980,4
1981,0
1982,3
1983,1
1984,4
1985,5
1986,7
1987,7
1988,4
1989,7
1990,6
1991,5
1992,8
1993,2
1994,6
1995,8
1996,4
1997,5
1998,7
1999,1
2000,1
2001,6
2002,5
2003,7
2004,3
2005,7
2006,2
2007,2
2008,4
2009,3
2010,8
2011,4
2012,3
2013,4
2014,3
2015,3
2016,4
2017,8
2018,5
2019,4
2020,2
2021,7
2022,4
2023,2
2024,4
2025,5
2026,0
2027,3
2028,2
2029,9
2030,5
2031,5
2032,7
2033,3
2034,7
2035,7
2036,6
2037,5
2038,1
2039,5
2040,5
2041,1
2042,7
2043,2
2044,3
2045,4
2046,1
2047,1
2048,4
2049,4
2050,2
2051,2
2052,2
2053,1
2054,4
2055,2
2056,2
2057,3
2058,3
2059,3
2060,4
2061,3
2062,3
2063,1
2064,4
2065,2
2066,0
2067,5
2068,5
2069,0
2070,2
2071,5
2072,4
2073,3
2074,3
2075,6
2076,4
2077,2
2078,4
2079,2
2080,1
2081,1
2082,2
2083,2
2084,5
2085,2
2086,2
2087,3
2088,2
2089,1
2090,0
2091,3
2092,5
2093,4
2094,4
2095,2
2096,1
2097,1
2098,5
2099,2
2100,4
2101,4
2102,1
2103,2
2104,1
2105,2
2106,3
2107,3
2108,3
2109,5
2110,3
2111,3
2112,6
2113,4
2114,3
2115,5
2116,1
2117,3
2118,4
2119,6
2120,3
2121,1
2122,4
2123,3
2124,3
2125,2
2126,0
2127,3
2128,0
2129,1
2130,4
2131,3
2132,3
2133,3
2134,1
2135,4
2136,1
2137,1
2138,0
2139,3
2140,3
2141,2
2142,0
2143,1
2144,3
2145,1
2146,2
2147,3
2148,6
2149,3
2150,2
2151,3
2152,1
2153,4
2154,1
2155,3
2156,0
2157,3
2158,0
2159,1
2160,1
2161,1
2162,0
2163,0
2164,3
2165,3
2166,1
2167,3
2168,2
2169,3
2170,2
2171,3
2172,6
2173,2
2174,1
2175,1
2176,3
2177,4
2178,1
2179,2
2180,3
2181,2
2182,1
2183,3
2184,0
2185,1
2186,2
2187,0
2188,3
2189,1
2190,2
2191,1
2192,5
2193,6
2194,2
2195,1
2196,3
2197,2
2198,2
2199,4
2200,1
2201,1
2202,0
2203,5
2204,1
2205,1
2206,1
2207,0
2208,0
2209,0
2210,1
2211,1
2212,2
2213,2
2214,2
2215,3
2216,2
2217,1
2218,5
2219,1
2220,2
2221,2
2222,0
2223,3
2224,3
2225,1
2226,4
2227,0
2228,0
2229,0
2230,1
2231,2
2232,0
2233,2
2234,3
2235,0
2236,2
2237,2
2238,1
2239,2
2240,2
2241,2
2242,0
2243,1
2244,1
2245,1
2246,2
2247,0
2248,2484
